--- Synthetic Data Quality Report ---

--- Downstream Task Utility (TSTR) ---
Benchmark Score (Train on Real): 0.9047
Synthetic Data Score (Train on Synthetic): 0.5087
Utility Score (Synthetic / Real): 56.23%

--- Feature-wise Statistics ---
    Real_Mean  Synthetic_Mean  Real_Std  Synthetic_Std  Real_Skew  Synthetic_Skew  Real_Kurtosis  Synthetic_Kurtosis  KS_Statistic    KS_P_Value
0    0.001711    1.652785e-03  0.000344       0.000296   0.009970        0.205758      -0.133236           -0.337708      0.132778  1.407717e-05
1    0.003557    3.566998e-03  0.000298       0.000264   0.304492        0.575193      -0.091536           -0.311912      0.088184  1.038071e-02
2   -0.000977   -9.557949e-04  0.000213       0.000216  -0.165212       -0.634716       1.658769           -0.944193      0.202615  1.828205e-12
3    0.000429    3.785359e-04  0.000252       0.000242   0.202861       -0.339382       0.644942            0.271399      0.106226  9.784772e-04
4   -0.000025    8.041853e-07  0.000291       0.000232   0.270703        0.525290       0.290944            0.036041      0.121545  9.328928e-05
5    0.001161    1.131844e-03  0.000262       0.000263   0.413888        1.049696       0.201886            1.389314      0.159062  8.152988e-08
6    0.004339    4.390258e-03  0.000274       0.000188   0.043862       -0.009627       0.593583           -0.878006      0.166481  1.488009e-08
7    0.000799    7.737643e-04  0.000321       0.000310   0.711692        1.301779       0.545173            1.420294      0.118886  1.480190e-04
8   -0.004112   -4.099020e-03  0.000354       0.000367  -0.477523       -0.653513      -0.045801           -0.895977      0.163619  2.887251e-08
9   -0.001121   -1.310680e-03  0.000408       0.000462  -0.993306       -0.099909       2.030879           -1.375141      0.260820  2.044100e-20
10   0.001815    1.900106e-03  0.000320       0.000302   0.535639       -0.095149       0.250729           -0.833618      0.217427  2.582545e-14
11  -0.003200   -3.090640e-03  0.000335       0.000380   0.395459        0.106623       0.021254           -1.505998      0.213747  8.166477e-14
12  -0.002245   -2.217322e-03  0.000568       0.000600   0.757075        0.524150       0.355253           -0.753448      0.062539  1.400797e-01
13   0.000844    7.711060e-04  0.000294       0.000262  -0.359027        0.286150      -0.073214           -0.926731      0.236403  7.378915e-17
14   0.000225    1.329742e-04  0.000332       0.000374   0.189890       -0.294241       0.190455           -1.062968      0.189932  5.766469e-11
15  -0.002671   -2.658854e-03  0.000311       0.000259  -0.216266       -1.267776       0.080336            1.026520      0.166862  1.473118e-08
16   0.000214    1.706940e-04  0.000475       0.000412  -0.642612       -0.410690       0.032990           -0.812837      0.104275  1.286631e-03
17  -0.000977   -9.049556e-04  0.000222       0.000242   0.724939        0.388145       0.053901           -0.807140      0.169331  7.825866e-09
18   0.000827    7.997616e-04  0.000346       0.000331  -0.358928       -0.507897      -0.106693           -0.489205      0.084405  1.606795e-02
19   0.001878    1.823498e-03  0.000208       0.000253  -0.444285       -0.606998       0.361491           -0.576915      0.125283  4.994745e-05
20   0.001399    1.423621e-03  0.000192       0.000166  -0.527004       -0.059765       1.464395           -0.941197      0.095487  4.198907e-03
21   0.000850    7.804603e-04  0.000387       0.000282   0.955135        1.031667       1.136544            0.238146      0.141862  2.654839e-06
22  -0.000222   -2.174031e-04  0.000292       0.000285  -0.376472       -0.192152       0.180214           -0.651719      0.070551  6.834318e-02
23  -0.002841   -2.822120e-03  0.000216       0.000164   0.064686        0.712561       0.081352           -0.517954      0.148337  7.057182e-07
24  -0.002001   -1.952107e-03  0.000500       0.000476  -1.121143       -0.925206       0.867158           -0.023075      0.140375  3.322178e-06
25   0.001234    1.240858e-03  0.000348       0.000309   0.411024        0.103515      -0.455537           -1.305872      0.125303  4.968926e-05
26  -0.001708   -1.681809e-03  0.000203       0.000184   0.486721       -0.596325       1.433122            0.170007      0.224966  3.075137e-15
27  -0.000906   -9.592350e-04  0.000410       0.000418  -0.596653       -0.425784       0.234155           -0.444730      0.140954  3.161398e-06
28  -0.001608   -1.631201e-03  0.000265       0.000262   0.254144        0.399807      -0.494677           -0.394206      0.114525  2.844305e-04
29  -0.003210   -3.246969e-03  0.000274       0.000318   0.132870       -0.613926      -0.077884           -0.638922      0.103523  1.431979e-03
30  -0.002858   -2.862102e-03  0.000331       0.000334   0.600762        0.012134       0.224193           -0.701819      0.110018  5.737113e-04
31   0.001629    1.681532e-03  0.000312       0.000377   0.516310        0.288260       0.424598           -0.919809      0.172319  3.936239e-09
32  -0.000762   -7.576499e-04  0.000174       0.000169   0.012657       -1.183797       0.265196            1.191432      0.165094  2.176992e-08
33   0.000831    8.149782e-04  0.000248       0.000282   0.624645        0.827426       0.145078           -0.535100      0.131391  1.724583e-05
34   0.000033    7.967230e-05  0.000216       0.000170   0.022196       -0.278362      -0.037704           -0.344851      0.167878  1.174277e-08
35   0.003811    3.792871e-03  0.000390       0.000345  -0.267228        0.064558      -0.340797           -0.357042      0.098870  2.745177e-03
36  -0.001011   -1.010083e-03  0.000263       0.000273   0.675630        0.433775       0.376410           -0.816522      0.074922  4.462548e-02
37   0.000187    1.726546e-04  0.000278       0.000315  -0.827253       -0.555147       0.211892           -0.297473      0.101431  1.904199e-03
38  -0.002901   -2.866547e-03  0.000273       0.000228   0.208141       -0.729309      -0.023814            0.554225      0.139693  3.912192e-06
39  -0.000366   -4.231040e-04  0.000268       0.000197   0.716502        0.971744       0.737252            0.725126      0.223914  4.176960e-15
40  -0.000269   -2.684976e-04  0.000258       0.000211  -0.136366       -0.232310       0.213221           -1.016481      0.106212  9.809807e-04
41  -0.001880   -1.825119e-03  0.000198       0.000222   0.160300       -0.716689       0.426426            1.251369      0.189962  5.748407e-11
42  -0.000749   -7.452587e-04  0.000437       0.000530  -1.020020       -0.866457       0.252632           -1.005112      0.269455  7.953177e-22
43  -0.001843   -1.789939e-03  0.000264       0.000227   0.596767        0.495721      -0.011185            0.039938      0.176986  1.428645e-09
44   0.001849    1.895386e-03  0.000465       0.000586   0.953102        0.835177       0.089771           -0.936551      0.226351  1.785136e-15
45  -0.003770   -3.758656e-03  0.000364       0.000362   0.773474        0.734466       1.530935           -0.142270      0.084950  1.522631e-02
46  -0.000587   -5.225912e-04  0.000265       0.000364  -0.188729        0.486902       0.619356           -0.159063      0.177836  1.142052e-09
47  -0.001129   -1.064459e-03  0.000305       0.000248   0.898791        0.455076       1.569561           -0.444997      0.149543  5.582833e-07
48  -0.004140   -4.120261e-03  0.000278       0.000347  -0.526143       -1.127629       0.471571            0.628856      0.137198  6.155810e-06
49  -0.002061   -2.101328e-03  0.000231       0.000236  -1.175985       -0.891239       1.230750           -0.024470      0.109503  6.061622e-04
50  -0.001657   -1.666728e-03  0.000243       0.000154  -0.137654       -0.834742       1.305895           -0.024805      0.214657  6.105005e-14
51   0.003368    3.359955e-03  0.000250       0.000247  -0.386112        0.071281       0.849625           -0.041475      0.070776  6.688243e-02
52   0.000412    3.662658e-04  0.000263       0.000227  -0.786034       -0.159342       0.873494           -0.186219      0.190226  5.077784e-11
53  -0.000855   -8.725027e-04  0.000592       0.000561  -0.984004       -1.024709      -0.005247            0.016834      0.075188  4.333240e-02
54   0.003405    3.352099e-03  0.000229       0.000174  -1.241153       -0.556061       2.539789            2.231591      0.301018  4.061940e-27
55  -0.003071   -3.060250e-03  0.000222       0.000242  -0.022648       -1.125980      -0.079723            0.385488      0.171894  4.691766e-09
56   0.000198    1.930273e-04  0.000200       0.000178  -0.434685        0.492883       1.669558           -0.537194      0.143138  2.034058e-06
57  -0.003969   -3.948088e-03  0.000288       0.000229   0.378865       -0.557339       0.004817            0.380923      0.146058  1.171352e-06
58   0.000179    2.706804e-04  0.000322       0.000333  -0.185755        0.107590       0.291706           -1.355621      0.187764  9.655520e-11
59  -0.003415   -3.463984e-03  0.000234       0.000319  -0.738430       -0.420508       0.685060           -1.149731      0.224731  3.080023e-15
60   0.001556    1.581703e-03  0.000212       0.000239  -0.584953        0.199471       0.664361           -0.207129      0.090950  7.505540e-03
61  -0.000960   -8.911756e-04  0.000196       0.000229   0.248511        0.778940      -0.096073           -0.245099      0.122731  7.858763e-05
62   0.002595    2.545331e-03  0.000193       0.000178  -0.515049        0.949686       0.512177            0.481034      0.299110  9.273533e-27
63  -0.000214   -2.638047e-04  0.000473       0.000473  -1.219491       -0.900644       0.766660           -0.641287      0.113244  3.463830e-04

--- Overall Statistical Differences ---
Mean_Abs_Diff_Mean: 0.0000
Mean_Abs_Diff_Std: 0.0000
Mean_Abs_Diff_Skew: 0.4602
Mean_Abs_Diff_Kurtosis: 0.9327
Mean_KS_Stat: 0.1525
Mean_KS_P_Value: 0.0067
