--- Synthetic Data Quality Report ---

Feature-wise Statistics:
    Real_Mean  Synthetic_Mean  Real_Std  Synthetic_Std  Real_Skew  Synthetic_Skew  Real_Kurtosis  Synthetic_Kurtosis  KS_Statistic    KS_P_Value
0    0.797156        0.791742  0.022679       0.042248  -0.654654       -0.246443      -0.372300           -1.817859      0.396948  1.946513e-47
1   -0.967534       -0.949153  0.029385       0.053893   0.671965       -0.141232      -0.336290           -1.815332      0.385920  8.530992e-45
2   -0.819162       -0.808594  0.025174       0.045179   0.667648        0.079845      -0.343604           -1.807279      0.321920  4.814185e-31
3   -1.604521       -1.577426  0.052154       0.093195   0.666325       -0.050672      -0.351343           -1.808409      0.339852  1.228970e-34
4   -0.323843       -0.321267  0.011088       0.018192   0.642309        0.216245      -0.389984           -1.645201      0.290940  2.393440e-25
5    1.523872        1.496976  0.048047       0.080459  -0.663663        0.084391      -0.357116           -1.721236      0.318768  1.823188e-30
6   -1.034414       -1.014328  0.032584       0.060260   0.665710       -0.127808      -0.349889           -1.835409      0.398920  6.309073e-48
7   -0.767078       -0.750164  0.023419       0.041789   0.671754       -0.241619      -0.341565           -1.756352      0.394824  5.967320e-47
8    1.210224        1.191851  0.037260       0.066717  -0.660513        0.016728      -0.357684           -1.811221      0.333920  2.045244e-33
9    0.492171        0.486863  0.015742       0.027728  -0.668863       -0.162803      -0.351168           -1.778360      0.307928  2.145522e-28
10   0.977518        0.965481  0.031457       0.057530  -0.667464       -0.114484      -0.350988           -1.825570      0.342944  2.951631e-35
11   1.258061        1.237610  0.041192       0.073688  -0.663693        0.001054      -0.350840           -1.809726      0.339920  1.228970e-34
12  -1.696300       -1.665016  0.053566       0.097239   0.665202       -0.103697      -0.351471           -1.817484      0.368916  7.094783e-41
13   1.951327        1.922370  0.065953       0.111114  -0.667480       -0.056193      -0.348873           -1.717476      0.285727  1.739105e-24
14  -1.547020       -1.519037  0.048601       0.091798   0.669869       -0.100328      -0.346395           -1.873379      0.391920  3.165056e-46
15   2.037027        2.009646  0.064655       0.119631  -0.665233       -0.057936      -0.353035           -1.842412      0.350948  6.152482e-37
16   0.831827        0.816650  0.029281       0.053446  -0.667497        0.036688      -0.350646           -1.838368      0.359912  7.032281e-39
17   0.558979        0.554405  0.015838       0.029310  -0.657856       -0.182804      -0.353816           -1.832466      0.373912  5.228589e-42
18  -1.243751       -1.225854  0.039088       0.069999   0.666875       -0.015701      -0.349317           -1.815324      0.327752  3.223809e-32
19  -0.889840       -0.871504  0.028676       0.051944   0.658464       -0.173649      -0.369644           -1.804644      0.384920  1.469042e-44
20  -0.719204       -0.710179  0.020510       0.036050   0.645888        0.016748      -0.388062           -1.801259      0.319852  1.171413e-30
21   0.842560        0.835923  0.025268       0.046224  -0.666952       -0.226320      -0.352596           -1.805894      0.365948  3.329458e-40
22  -0.667249       -0.661166  0.018866       0.034813   0.640115        0.141356      -0.386372           -1.839168      0.366948  1.991753e-40
23  -0.398257       -0.394508  0.010849       0.018963   0.662305        0.115431      -0.356065           -1.759749      0.321912  4.814185e-31
24  -1.379907       -1.346859  0.044631       0.076981   0.663840       -0.259442      -0.351568           -1.706533      0.387768  2.863348e-45
25  -1.064496       -1.045698  0.033569       0.061373   0.665423       -0.086272      -0.352471           -1.827655      0.362916  1.540827e-39
26   0.506922        0.495590  0.015021       0.027803  -0.679827        0.262841      -0.325006           -1.785762      0.428916  1.331661e-55
27  -0.826094       -0.812362  0.024274       0.044507   0.667798       -0.075998      -0.351244           -1.843868      0.377928  6.311744e-43
28  -3.205697       -3.148131  0.100958       0.183777   0.660719       -0.100697      -0.360877           -1.827461      0.369920  4.224541e-41
29   1.070277        1.056890  0.032382       0.055000  -0.666629       -0.093872      -0.354290           -1.727033      0.282852  5.617065e-24
30  -1.009288       -1.001850  0.031490       0.053969   0.665738        0.254545      -0.345578           -1.676526      0.309920  9.137796e-29
31  -0.728401       -0.722603  0.021067       0.038845   0.664318        0.217961      -0.349206           -1.809442      0.376912  1.073313e-42
32   1.362936        1.350906  0.044167       0.080941  -0.662841       -0.213919      -0.351093           -1.800831      0.374948  3.089182e-42
33  -0.947490       -0.935421  0.029701       0.049844   0.655741        0.033815      -0.367867           -1.724470      0.287743  7.901437e-25
34  -0.647000       -0.640609  0.018222       0.033478   0.671137        0.158985      -0.337972           -1.823611      0.344920  1.131822e-35
35   1.204136        1.189656  0.036401       0.065317  -0.661287       -0.082842      -0.354722           -1.798672      0.317900  2.833384e-30
36   0.987857        0.974723  0.031198       0.054403  -0.671943       -0.069359      -0.341237           -1.778378      0.304912  7.634021e-28
37  -1.084553       -1.066247  0.032623       0.060725   0.660781       -0.088399      -0.356356           -1.853637      0.383928  2.525717e-44
38  -1.228226       -1.199164  0.038819       0.071364   0.663767       -0.278316      -0.352127           -1.780937      0.424852  1.529605e-54
39   0.682491        0.676976  0.020026       0.035280  -0.669413       -0.237371      -0.349819           -1.741572      0.332908  3.250751e-33
40   0.791246        0.779656  0.022251       0.039494  -0.664880        0.022063      -0.359176           -1.804313      0.343912  1.829154e-35
41  -1.049092       -1.037497  0.033354       0.055259   0.660546        0.157641      -0.356490           -1.671603      0.258743  4.161135e-20
42  -0.865801       -0.856043  0.028488       0.051845   0.664187        0.140453      -0.354520           -1.816591      0.344920  1.131822e-35
43   0.662524        0.650570  0.022279       0.041279  -0.659580        0.061071      -0.365034           -1.856550      0.373924  5.228589e-42
44   1.051467        1.031374  0.032740       0.056986  -0.669988        0.150614      -0.346181           -1.746974      0.349816  1.003449e-36
45   1.091258        1.078761  0.034842       0.064802  -0.667903       -0.133356      -0.347790           -1.852548      0.362944  1.540827e-39
46  -0.003679       -0.003263  0.000636       0.001276   0.460022       -0.033082      -0.576326           -1.832947      0.389920  9.549995e-46
47  -0.886843       -0.875105  0.028527       0.049996   0.657093        0.048324      -0.364966           -1.775375      0.299920  6.146656e-27
48  -0.601528       -0.588169  0.018057       0.032642   0.670217       -0.272485      -0.349205           -1.760216      0.418916  5.668799e-53
49  -0.011187       -0.009783  0.002301       0.004092   0.689577       -0.096397      -0.392241           -1.828798      0.369912  4.224541e-41
50   0.653583        0.638764  0.023854       0.043879  -0.650868        0.147283      -0.371941           -1.828950      0.398920  6.309073e-48
51  -2.034075       -2.013075  0.063511       0.101239   0.668636        0.102710      -0.350459           -1.649242      0.251735  4.787460e-19
52  -0.418286       -0.412038  0.010592       0.018972   0.659744       -0.103614      -0.376705           -1.818171      0.362920  1.540827e-39
53   1.066481        1.052239  0.031588       0.058992  -0.666874       -0.039799      -0.348737           -1.858552      0.356920  3.165309e-38
54  -0.836683       -0.828526  0.026009       0.049153   0.673395        0.182803      -0.343176           -1.851378      0.393948  1.042326e-46
55   1.489836        1.474530  0.044144       0.077940  -0.662496       -0.135422      -0.355449           -1.784040      0.316892  4.396754e-30
56   0.342340        0.335830  0.009843       0.017934  -0.680773        0.180591      -0.322396           -1.792414      0.380904  1.271556e-43
57  -0.595890       -0.589077  0.018958       0.034608   0.659708        0.142357      -0.363041           -1.811538      0.350944  6.152482e-37
58  -1.794613       -1.766583  0.059359       0.101636   0.660062       -0.009249      -0.359527           -1.743619      0.303747  1.162012e-27
59   0.712594        0.701203  0.020251       0.035425  -0.672286        0.054478      -0.347689           -1.784105      0.340912  7.650804e-35
60   0.721134        0.712027  0.021351       0.039771  -0.662165       -0.055745      -0.349976           -1.859447      0.362920  1.540827e-39
61   0.752951        0.743656  0.021951       0.040110  -0.667210       -0.067041      -0.352363           -1.830851      0.342920  2.951631e-35
62  -0.884714       -0.875563  0.026424       0.049268   0.668532        0.141845      -0.352873           -1.857696      0.372912  8.835842e-42
63   1.731253        1.718868  0.052491       0.093167  -0.662099       -0.264432      -0.358191           -1.745867      0.344900  1.131822e-35

Overall Differences Summary:
Mean_Abs_Diff_Mean: 0.0145
Mean_Abs_Diff_Std: 0.0246
Mean_Abs_Diff_Skew: 0.6424
Mean_Abs_Diff_Kurtosis: 1.4363
Mean_KS_Stat: 0.3509
Mean_KS_P_Value: 0.0000
